Target	alpha	std.err	Z
Bangweulu	0.680034	0.020955	32.452
Kafue	0.305743	0.023388	13.072
Zambia_Bemba	0.91998	0.022586	40.733
Zambia_Lozi	0.990066	0.02096	47.235
Zambia_TongaZam	0.861518	0.023761	36.257
Bakiga	1.484299	0.032046	46.318
Nzebi_Gab	0.70939	0.019666	36.071
Nzime_Cam	0.771615	0.017389	44.374
SEBantu	0.332061	0.027276	12.174
Sotho	0.333596	0.024812	13.445
SWBantu	0.681916	0.027831	24.502
Zulu	0.442514	0.023154	19.111
Igbo	0.942993	0.015852	59.488
LWK	1.255826	0.024367	51.539
Mandinka	1.198653	0.021705	55.225
