Target	alpha	std.err	Z
Bangweulu	1.414899	0.039813	35.539
Kafue	1.900871	0.060727	31.302
Zambia_Bemba	1.103373	0.031543	34.98
Zambia_Lozi	1.012337	0.027526	36.777
Zambia_TongaZam	1.179299	0.034682	34.003
Bakiga	0.370038	0.03278	11.289
Nzebi_Gab	1.376881	0.036009	38.237
Nzime_Cam	1.296019	0.031919	40.603
SEBantu	1.866789	0.060427	30.893
Sotho	1.864923	0.056757	32.858
SWBantu	1.412449	0.046076	30.655
Zulu	1.723314	0.052806	32.635
Igbo	1.073619	0.022278	48.192
LWK	0.666993	0.025598	26.057
Mandinka	0.741424	0.02426	30.562
