"FID" "ratio_X_autosomes_WAfr" "HX_WAfr" "HA_WAfr" "ratio_X_autosomes_KS" "HX_KS" "HA_KS"
"Baka_Cam" 0.84297857836098 0.598572720714286 0.7100687207 1.38456009387778 0.401427279285714 0.2899312793
"Baka_Gab" 0.796994048519892 0.57598707 0.722699336425 1.52907290063271 0.42401293 0.277300663575
"Bakiga" 0.999515509007385 0.94571409509434 0.946172507151515 1.00851631820315 0.0542859049056604 0.0538274928484848
"Bangweulu" 0.940622893671864 0.859302875294118 0.913546630722222 1.62743367761431 0.140697124705882 0.0864533692777778
"Batwa" 0.895811964488766 0.644838398787879 0.719836778643478 1.26769530808671 0.355161601212121 0.280163221356522
"Bongo_GabE" 0.869880566982159 0.72152234 0.829449889314286 1.63282016575863 0.27847766 0.170550110685714
"Bongo_GabS" 0.821550703758389 0.645929635555556 0.786232222309091 1.65633178334483 0.354070364444444 0.213767777690909
"GuiGhanaKgal" 1.1106233034936 0.22242385 0.20026938864 0.97229759490846 0.77757615 0.79973061136
"Juhoansi" 1 1e-05 1e-05 1 0.99999 0.99999
"Kafue" 0.911189459542606 0.748000216296296 0.820905255721212 1.4070752590675 0.251999783703704 0.179094744278788
"Karretjie" 0.725990573653927 0.11837072 0.163047185866667 1.05337990996891 0.88162928 0.836952814133333
"Khomani" 1.08559870833628 0.154804474545455 0.14259824865 0.985763703099234 0.845195525454545 0.85740175135
"Khwe" 0.963519667058341 0.58764352 0.6098926053 1.05703323136725 0.41235648 0.3901073947
"LWK" 1.00052524710084 0.953385258245614 0.952884758288889 0.989377111555663 0.046614741754386 0.0471152417111111
"MKK" 1.09386651580126 0.963751951428572 0.881050784082759 0.304735498186455 0.0362480485714286 0.118949215917241
"Nama" 0.519540991514673 0.077986364 0.150106277028571 1.08485756639833 0.922013636 0.849893722971429
"Nzebi_Gab" 0.966592550466478 0.91958918 0.95137209526 1.65359417457804 0.08041082 0.04862790474
"Nzime_Cam" 0.971546834574748 0.925776550967742 0.952889266911111 1.57551038087675 0.0742234490322581 0.0471107330888889
"SEBantu" 0.955133988916044 0.771711374 0.807961378147368 1.18876413399376 0.228288626 0.192038621852632
"SWBantu" 0.913535211751253 0.833934954285714 0.912865693142857 1.90585145741218 0.166065045714286 0.0871343068571429
"Xun" 0.843752549509843 0.169799978461538 0.201243810830769 1.03936599527565 0.830200021538462 0.798756189169231
"YRI" 1 0.99999 0.99999 1 1e-05 1e-05
"Zambia_Bemba" 0.960240519007575 0.927689612307692 0.966101298523077 2.13313149300228 0.0723103876923077 0.0338987014769231
"Zambia_Lozi" 0.968487928580735 0.927247361904762 0.957417572838095 1.70851318123839 0.0727526380952381 0.0425824271619048
"Zambia_TongaZam" 0.966447970801714 0.925997795555556 0.958145522088889 1.76808332436036 0.0740022044444444 0.0418544779111111
