"FID" "ratio_female_male_WAfr" "HX_WAfr" "HA_WAfr" "ratio_female_male_KS" "HX_KS" "HA_KS"
"Baka_Cam" 0.359559910261816 0.598572720714286 0.7100687207 -14.0140313301324 0.401427279285714 0.2899312793
"Baka_Gab" 0.242994286533677 0.57598707 0.722699336425 -4.40588607538419 0.42401293 0.277300663575
"Bakiga" 0.99709727307945 0.94571409509434 0.946172507151515 1.05243763600093 0.0542859049056604 0.0538274928484848
"Bangweulu" 0.697603626838538 0.859302875294118 0.913546630722222 -3.2668000212531 0.140697124705882 0.0864533692777778
"Batwa" 0.523735099904354 0.644838398787879 0.719836778643478 9.15671425460733 0.355161601212121 0.280163221356522
"Bongo_GabE" 0.438478125646812 0.72152234 0.829449889314286 -3.22602997690378 0.27847766 0.170550110685714
"Bongo_GabS" 0.302636369703207 0.645929635555556 0.786232222309091 -3.0639933926709 0.354070364444444 0.213767777690909
"GuiGhanaKgal" 1.99342902134406 0.22242385 0.20026938864 0.846539263883402 0.77757615 0.79973061136
"Juhoansi" 1 1e-05 1e-05 1 0.99999 0.99999
"Kafue" 0.579240415548844 0.748000216296296 0.820905255721212 -10.0405377948754 0.251999783703704 0.179094744278788
"Karretjie" 0.0976778039118718 0.11837072 0.163047185866667 1.38134850667234 0.88162928 0.836952814133333
"Khomani" 1.69105163105312 0.154804474545455 0.14259824865 0.9180808927916 0.845195525454545 0.85740175135
"Khwe" 0.802709654788514 0.58764352 0.6098926053 1.41283539862211 0.41235648 0.3901073947
"LWK" 1.0031564563637 0.953385258245614 0.952884758288889 0.938231159829384 0.046614741754386 0.0471152417111111
"MKK" 1.78396261134328 0.963751951428572 0.881050784082759 -0.351868491370614 0.0362480485714286 0.118949215917241
"Nama" -0.180790193752865 0.077986364 0.150106277028571 1.68302488765856 0.922013636 0.849893722971429
"Nzebi_Gab" 0.817814374107114 0.91958918 0.95137209526 -3.08163653125881 0.08041082 0.04862790474
"Nzime_Cam" 0.842707422621435 0.925776550967742 0.952889266911111 -3.75280697914678 0.0742234490322581 0.0471107330888889
"SEBantu" 0.762738821490645 0.771711374 0.807961378147368 3.61140180420295 0.228288626 0.192038621852632
"SWBantu" 0.58806491118688 0.833934954285714 0.912865693142857 -2.16444639676569 0.166065045714286 0.0871343068571429
"Xun" 0.361709218773223 0.169799978461538 0.201243810830769 1.26782564032963 0.830200021538462 0.798756189169231
"YRI" 1 0.99999 0.99999 1 1e-05 1e-05
"Zambia_Bemba" 0.786865469042729 0.927689612307692 0.966101298523077 -1.83354363673781 0.0723103876923077 0.0338987014769231
"Zambia_Lozi" 0.827257950853829 0.927247361904762 0.957417572838095 -2.77692557419921 0.0727526380952381 0.0425824271619048
"Zambia_TongaZam" 0.817098022299027 0.925997795555556 0.958145522088889 -2.53344837360843 0.0740022044444444 0.0418544779111111
